5 0.027083 0.463657 0.043750 0.022685
2 0.045443 0.487963 0.017969 0.013889
2 0.320052 0.465046 0.012500 0.014352
2 0.060547 0.516667 0.017969 0.016667
1 0.016406 0.532176 0.008854 0.010648
1 0.012240 0.542824 0.008854 0.008796
1 0.105469 0.546759 0.008333 0.011111
3 0.245443 0.522222 0.019531 0.018519
1 0.291406 0.542130 0.008854 0.007407
0 0.318750 0.546991 0.013021 0.010648
5 0.394141 0.469213 0.042969 0.021759
5 0.408594 0.490972 0.045312 0.025463
1 0.473568 0.542824 0.007552 0.006944
1 0.521615 0.463657 0.006771 0.009722
1 0.596354 0.454861 0.008333 0.009722
1 0.614974 0.468287 0.009115 0.007870
5 0.554818 0.492824 0.039323 0.019907
2 0.597396 0.540741 0.016667 0.022222
2 0.733073 0.542130 0.017188 0.017593
2 0.764844 0.477546 0.016146 0.017130
1 0.807161 0.465972 0.008594 0.009722
3 0.833984 0.526157 0.025260 0.018056
2 0.901432 0.538889 0.017969 0.017593
1 0.972396 0.550231 0.008333 0.006019
1 0.989844 0.542361 0.010417 0.009722
1 0.979948 0.556481 0.011458 0.009259
