2 0.166406 0.488426 0.017188 0.012037
1 0.171224 0.451157 0.010677 0.009722
1 0.023958 0.550926 0.010417 0.012037
1 0.111198 0.538194 0.008333 0.008796
0 0.051172 0.542361 0.014323 0.012500
2 0.104818 0.523148 0.017969 0.015741
2 0.182812 0.464120 0.019271 0.014352
2 0.212109 0.489583 0.016406 0.016204
2 0.234635 0.481713 0.016146 0.015278
5 0.286589 0.462963 0.041927 0.021296
3 0.285547 0.488657 0.019531 0.018056
2 0.347917 0.535417 0.017188 0.015278
3 0.394401 0.517361 0.022656 0.014352
2 0.485547 0.479398 0.015365 0.015278
2 0.484505 0.525231 0.019010 0.017130
1 0.550260 0.539815 0.011979 0.011111
1 0.598047 0.550231 0.010156 0.008796
1 0.614844 0.537269 0.009375 0.010648
1 0.647396 0.552315 0.009896 0.009259
3 0.683073 0.525000 0.017188 0.012037
2 0.696615 0.467824 0.014583 0.013426
5 0.722396 0.490278 0.044271 0.019444
5 0.766276 0.470370 0.044531 0.030556
1 0.733854 0.547454 0.010417 0.012500
2 0.756380 0.528241 0.018490 0.018519
2 0.772917 0.540278 0.008333 0.012037
1 0.782813 0.551852 0.007812 0.008333
5 0.862370 0.491204 0.044010 0.024074
1 0.861719 0.542593 0.011458 0.011111
1 0.918490 0.468750 0.008333 0.008796
1 0.975130 0.562500 0.009115 0.008333
1 0.981510 0.466435 0.009896 0.010648
