2 0.027995 0.479861 0.020052 0.014352
2 0.013151 0.526157 0.016927 0.017130
0 0.007292 0.565741 0.011458 0.011111
1 0.026953 0.549537 0.010156 0.010185
2 0.147786 0.494676 0.016406 0.013426
2 0.207813 0.543981 0.016667 0.013889
4 0.336458 0.526157 0.041667 0.019907
2 0.332161 0.487963 0.017969 0.014815
2 0.409766 0.481944 0.017969 0.013889
4 0.484766 0.491898 0.037760 0.018056
1 0.486849 0.465046 0.009115 0.010648
1 0.494141 0.474537 0.010677 0.009259
1 0.535937 0.466435 0.011458 0.012500
1 0.528906 0.522685 0.008854 0.009259
1 0.547786 0.530324 0.009115 0.008796
3 0.526042 0.547222 0.028646 0.016667
0 0.620964 0.466898 0.012240 0.015278
5 0.620052 0.519907 0.044271 0.021296
2 0.607812 0.546759 0.014583 0.014815
1 0.647786 0.541435 0.009635 0.007870
2 0.665625 0.527083 0.018229 0.012500
1 0.704818 0.546528 0.009635 0.010648
5 0.729688 0.520139 0.035937 0.020833
1 0.828385 0.459259 0.012500 0.011111
1 0.825000 0.549537 0.010937 0.010185
1 0.946745 0.546991 0.010156 0.010648
5 0.952604 0.460880 0.046875 0.021759
