5 0.044141 0.485648 0.059635 0.020370
2 0.170573 0.467130 0.017708 0.018519
2 0.073568 0.517824 0.019010 0.018056
1 0.093490 0.540278 0.008333 0.008333
1 0.152474 0.534722 0.010156 0.010185
1 0.254297 0.544444 0.011198 0.008333
3 0.305990 0.518981 0.015625 0.014815
2 0.342839 0.530787 0.020573 0.018056
1 0.311589 0.544676 0.008594 0.008796
1 0.369792 0.537500 0.008854 0.008333
1 0.398438 0.545370 0.008333 0.011111
1 0.450130 0.534491 0.009635 0.011574
1 0.454818 0.546759 0.007552 0.008333
1 0.491406 0.465278 0.007812 0.010185
2 0.521745 0.478009 0.017969 0.013426
2 0.537109 0.494213 0.016406 0.013426
5 0.572266 0.469907 0.038281 0.022222
2 0.601562 0.493750 0.017188 0.016204
2 0.637370 0.478704 0.014844 0.013889
2 0.692187 0.523843 0.018229 0.018981
3 0.715885 0.487269 0.019271 0.016204
1 0.893359 0.554398 0.010677 0.010648
2 0.932422 0.524537 0.022656 0.016667
2 0.967578 0.474537 0.018490 0.019444
