1 0.015495 0.532176 0.010156 0.008796
1 0.013542 0.543750 0.009375 0.007870
1 0.047005 0.517361 0.010677 0.008796
2 0.195573 0.516204 0.014063 0.012963
2 0.297917 0.518519 0.015104 0.014815
2 0.346224 0.481713 0.016927 0.018056
2 0.374609 0.472685 0.011198 0.012037
1 0.357292 0.547685 0.009375 0.011111
2 0.404297 0.489583 0.016406 0.017130
1 0.398307 0.460880 0.010156 0.009722
1 0.561068 0.558565 0.009115 0.006944
2 0.573568 0.524769 0.016406 0.013426
3 0.619271 0.524537 0.018229 0.015741
1 0.629297 0.557870 0.010677 0.008333
2 0.609896 0.478704 0.017188 0.014815
2 0.645312 0.474306 0.016667 0.016204
5 0.658594 0.495139 0.037500 0.020833
2 0.687240 0.477546 0.018229 0.017130
1 0.704688 0.459028 0.008854 0.006019
5 0.761328 0.477083 0.046094 0.021759
2 0.733464 0.496065 0.016927 0.014352
1 0.765365 0.552315 0.008333 0.008333
0 0.800130 0.529398 0.014323 0.017130
2 0.897396 0.479861 0.018229 0.017130
2 0.893099 0.546991 0.015885 0.012500
2 0.921484 0.539815 0.020573 0.018519
5 0.967057 0.530324 0.037760 0.018981
1 0.983984 0.470602 0.009115 0.011574
