0 0.022005 0.541204 0.011198 0.012037
2 0.051693 0.524074 0.014844 0.009259
2 0.086328 0.513889 0.016927 0.016667
2 0.256120 0.525231 0.019010 0.016204
1 0.295312 0.553472 0.009375 0.010648
1 0.323437 0.562037 0.009375 0.009259
5 0.400000 0.467593 0.023958 0.018519
1 0.474609 0.461574 0.008073 0.011111
5 0.480078 0.492130 0.066406 0.023148
3 0.519010 0.521991 0.021354 0.016204
1 0.594531 0.465278 0.008854 0.010185
5 0.684375 0.473611 0.034896 0.018519
5 0.721354 0.493750 0.067187 0.021759
0 0.738932 0.466898 0.013281 0.009722
2 0.764974 0.538889 0.019010 0.016667
2 0.808854 0.528472 0.016667 0.014352
2 0.882943 0.538889 0.017448 0.014815
