1 0.045833 0.457639 0.009896 0.011574
2 0.197656 0.471528 0.018229 0.017130
1 0.365495 0.460880 0.009115 0.009722
1 0.431380 0.465972 0.007031 0.008796
3 0.341276 0.523843 0.021615 0.019907
2 0.416667 0.528472 0.018750 0.015278
2 0.466797 0.468287 0.020573 0.015278
1 0.507161 0.550000 0.009635 0.011111
1 0.443620 0.559259 0.007552 0.015741
1 0.582031 0.553009 0.009375 0.012500
0 0.664062 0.463426 0.012500 0.011111
1 0.684896 0.474769 0.009375 0.008796
1 0.757552 0.546759 0.012500 0.014815
0 0.807552 0.543519 0.013542 0.013889
1 0.810417 0.554630 0.008854 0.010185
2 0.842057 0.495139 0.016406 0.018981
2 0.859115 0.477315 0.015104 0.016667
1 0.844661 0.540972 0.011198 0.015278
2 0.877734 0.524537 0.022135 0.013889
2 0.936719 0.495833 0.016667 0.016667
2 0.989193 0.523843 0.019531 0.019907
