2 0.036198 0.492593 0.020833 0.014815
2 0.154818 0.522454 0.020052 0.017130
0 0.162630 0.546528 0.013281 0.012500
0 0.207682 0.537731 0.013802 0.013426
1 0.191276 0.547917 0.008594 0.006944
0 0.278125 0.457407 0.015625 0.012037
2 0.299349 0.538194 0.019010 0.017130
1 0.320833 0.558102 0.009375 0.012500
5 0.379948 0.523843 0.030729 0.018981
3 0.442188 0.489583 0.022396 0.018056
2 0.460417 0.532870 0.016146 0.017593
1 0.514974 0.468056 0.008073 0.007407
0 0.496354 0.546991 0.011458 0.013426
2 0.547786 0.522917 0.015365 0.018056
2 0.618099 0.524074 0.015885 0.015741
2 0.671224 0.535185 0.016927 0.015741
5 0.758724 0.515278 0.046615 0.020370
2 0.839583 0.537500 0.015104 0.015741
1 0.915755 0.533102 0.012240 0.012500
1 0.993490 0.453241 0.009896 0.012037
