2 0.008854 0.491898 0.017188 0.014352
5 0.284766 0.473148 0.046615 0.025000
1 0.309896 0.457639 0.009896 0.009722
1 0.318620 0.494676 0.011198 0.008796
1 0.389714 0.519213 0.009115 0.010648
1 0.559375 0.543287 0.008854 0.007870
1 0.610807 0.547685 0.011198 0.010185
2 0.601693 0.485648 0.016406 0.017593
1 0.654557 0.467361 0.010677 0.009722
1 0.777083 0.534028 0.009896 0.010648
2 0.835547 0.486574 0.016406 0.015741
2 0.833464 0.533565 0.014844 0.016204
2 0.872005 0.513889 0.016406 0.012963
2 0.869661 0.465972 0.013802 0.016204
0 0.905859 0.454630 0.013281 0.015741
3 0.920573 0.541435 0.029167 0.019907
0 0.017318 0.562963 0.012240 0.014815
1 0.785807 0.555556 0.008073 0.009259
