1 0.084635 0.459259 0.010417 0.012963
2 0.183464 0.466898 0.018490 0.017130
2 0.280339 0.519907 0.017448 0.017593
0 0.291276 0.541667 0.012240 0.015741
2 0.329297 0.522685 0.015885 0.022222
2 0.377214 0.478704 0.018490 0.017593
1 0.339583 0.461343 0.009896 0.008796
2 0.405208 0.479630 0.015625 0.014815
0 0.423177 0.456481 0.010937 0.012963
5 0.443359 0.522222 0.037240 0.021296
2 0.469271 0.492361 0.016667 0.016204
2 0.543229 0.490972 0.016146 0.018056
2 0.445182 0.559954 0.009635 0.011574
2 0.650911 0.495602 0.019531 0.017130
1 0.643490 0.466898 0.009896 0.008796
1 0.726823 0.471759 0.009896 0.009259
1 0.800391 0.488426 0.008073 0.010185
1 0.767969 0.554398 0.009375 0.011574
3 0.860807 0.525694 0.021615 0.016204
2 0.903385 0.494676 0.015104 0.016204
2 0.933594 0.529398 0.019792 0.018056
1 0.901172 0.558102 0.010156 0.015278
5 0.969531 0.475231 0.039583 0.020833
