2 0.019922 0.461806 0.021094 0.016204
5 0.222396 0.470370 0.037500 0.017593
1 0.237500 0.448380 0.010417 0.010648
2 0.404557 0.468981 0.014844 0.014815
5 0.509245 0.492361 0.042969 0.024537
5 0.631641 0.483333 0.031510 0.025000
1 0.717187 0.471296 0.009375 0.008333
1 0.785156 0.465972 0.009896 0.009722
2 0.699740 0.525463 0.016146 0.016667
2 0.654036 0.543056 0.015365 0.014815
2 0.557292 0.530556 0.019271 0.014815
1 0.568359 0.543981 0.010677 0.011111
1 0.287630 0.536806 0.010677 0.009722
1 0.271745 0.535185 0.009635 0.012963
1 0.060156 0.556481 0.011458 0.009259
2 0.056771 0.526157 0.016667 0.017130
