5 0.039453 0.465741 0.052344 0.020370
2 0.091536 0.462731 0.019010 0.015278
2 0.065365 0.513194 0.018750 0.016204
5 0.160417 0.483102 0.040104 0.020833
2 0.183333 0.464352 0.020313 0.014815
1 0.200130 0.449306 0.009115 0.008796
2 0.200781 0.515046 0.014063 0.012500
2 0.364714 0.469444 0.019010 0.015741
1 0.459115 0.456944 0.009375 0.010185
1 0.380599 0.547222 0.009635 0.010185
1 0.400000 0.540741 0.009375 0.010185
0 0.443099 0.541204 0.012240 0.012037
5 0.485156 0.490509 0.056250 0.020833
1 0.502995 0.532870 0.010156 0.011111
1 0.550260 0.457870 0.007812 0.009259
2 0.605729 0.491435 0.013542 0.012500
1 0.586328 0.548611 0.010156 0.011111
3 0.614062 0.521759 0.015625 0.015741
2 0.641927 0.487963 0.014583 0.016667
1 0.659115 0.546991 0.010417 0.009722
1 0.808854 0.550926 0.011979 0.011111
2 0.940755 0.524537 0.015885 0.012963
