5 0.044661 0.533333 0.047656 0.016667
5 0.081120 0.484954 0.030990 0.018056
5 0.164974 0.493981 0.025781 0.018519
1 0.111068 0.461343 0.008594 0.006944
0 0.172005 0.556019 0.011198 0.011111
2 0.317578 0.539352 0.016406 0.015741
1 0.214323 0.543056 0.008333 0.010185
5 0.397396 0.523148 0.038542 0.022222
1 0.456771 0.549074 0.009896 0.009259
3 0.507552 0.536343 0.019271 0.015278
1 0.556250 0.549074 0.008854 0.007407
1 0.638672 0.548611 0.008594 0.010185
1 0.627344 0.481944 0.008854 0.009259
3 0.652865 0.465278 0.019271 0.015741
4 0.681380 0.519907 0.038802 0.019444
2 0.677734 0.540509 0.016406 0.015278
4 0.707161 0.484491 0.039844 0.018981
1 0.776563 0.454630 0.009896 0.009259
2 0.836198 0.463194 0.017708 0.016204
2 0.851823 0.481019 0.016667 0.012963
