1 0.008724 0.535880 0.010156 0.007870
1 0.049089 0.533565 0.009635 0.009722
1 0.067057 0.544676 0.007552 0.009722
1 0.086328 0.446065 0.008073 0.010648
1 0.121615 0.547685 0.010417 0.010185
1 0.172005 0.454861 0.009635 0.012500
2 0.178125 0.474537 0.014583 0.012963
2 0.227083 0.467593 0.015625 0.012963
1 0.246094 0.453935 0.009375 0.007870
5 0.245964 0.485417 0.058073 0.020833
2 0.209505 0.517130 0.019010 0.016667
2 0.487891 0.476852 0.017969 0.017593
2 0.496354 0.521991 0.019792 0.015278
2 0.526432 0.538426 0.018490 0.016667
1 0.628385 0.554861 0.008854 0.006944
2 0.635807 0.493981 0.016927 0.016667
2 0.659115 0.466204 0.015625 0.013889
2 0.655599 0.523611 0.013802 0.014815
1 0.714714 0.556250 0.009115 0.008796
0 0.741927 0.548611 0.013542 0.012037
1 0.862240 0.490972 0.008333 0.011574
5 0.897526 0.472454 0.041927 0.021759
2 0.915104 0.497222 0.017708 0.015741
1 0.945182 0.552546 0.011719 0.008796
2 0.991276 0.495602 0.014844 0.013426
