5 0.183073 0.469676 0.034375 0.016204
5 0.193229 0.488426 0.047396 0.020370
1 0.292839 0.463657 0.011198 0.010648
1 0.458854 0.465509 0.009896 0.012500
0 0.701302 0.469213 0.012500 0.013426
2 0.742578 0.492361 0.019010 0.015278
0 0.821484 0.465972 0.013802 0.011574
1 0.900911 0.458565 0.010156 0.008796
1 0.929818 0.471528 0.007552 0.013426
1 0.990104 0.470139 0.009896 0.011574
1 0.645312 0.544907 0.011458 0.009259
1 0.626172 0.548843 0.010156 0.009722
2 0.437370 0.525231 0.016927 0.018056
0 0.380990 0.536343 0.013542 0.013426
1 0.357422 0.540509 0.010677 0.009722
5 0.284245 0.521296 0.023177 0.019444
0 0.206901 0.542824 0.014323 0.012500
1 0.163932 0.549537 0.010677 0.012963
