2 0.009635 0.487500 0.017708 0.016667
1 0.030208 0.456250 0.009375 0.009722
2 0.025911 0.523380 0.022135 0.018981
2 0.091016 0.477546 0.019010 0.015278
1 0.147135 0.475231 0.011979 0.010648
2 0.202083 0.487731 0.017188 0.015278
2 0.147917 0.518056 0.018750 0.017593
2 0.195443 0.537731 0.018490 0.014352
2 0.287109 0.461343 0.021094 0.018056
1 0.319010 0.475926 0.010417 0.009259
1 0.311719 0.487963 0.011458 0.010185
1 0.324089 0.554167 0.011198 0.011111
2 0.370052 0.481481 0.016146 0.014815
2 0.401693 0.520602 0.017448 0.017130
2 0.442318 0.490046 0.017969 0.018056
5 0.594922 0.471296 0.034115 0.019444
0 0.696875 0.548843 0.015104 0.016204
2 0.778906 0.528009 0.016146 0.018981
5 0.827214 0.494907 0.044531 0.021296
2 0.852344 0.471759 0.016667 0.018519
2 0.875781 0.548843 0.016667 0.021759
5 0.888021 0.527778 0.038542 0.020370
