2 0.037630 0.546528 0.020052 0.014352
1 0.126693 0.555093 0.012240 0.010185
0 0.144141 0.562963 0.013281 0.012963
2 0.233073 0.477315 0.019792 0.014815
2 0.257943 0.542130 0.019531 0.016667
3 0.367188 0.491204 0.021354 0.015741
1 0.394792 0.458565 0.009896 0.010648
1 0.403776 0.545370 0.009115 0.010185
4 0.564063 0.537037 0.031771 0.016667
2 0.647135 0.487963 0.018229 0.014815
2 0.673828 0.461111 0.017448 0.015741
1 0.668880 0.541204 0.009635 0.011111
0 0.807292 0.537037 0.014063 0.012963
1 0.836979 0.542593 0.010937 0.010185
2 0.931901 0.524074 0.016406 0.015741
2 0.980469 0.479398 0.018750 0.017130
