1 0.119531 0.459259 0.011458 0.011111
2 0.206771 0.478704 0.019271 0.018519
0 0.303906 0.467361 0.011458 0.013426
1 0.253385 0.535648 0.010417 0.008333
2 0.366927 0.522222 0.017708 0.013889
1 0.372656 0.540972 0.008854 0.008796
0 0.448568 0.465046 0.010677 0.012500
2 0.485286 0.491667 0.016927 0.016667
5 0.447526 0.523148 0.029427 0.017593
0 0.558984 0.542824 0.012240 0.013426
1 0.572135 0.468981 0.008333 0.011111
1 0.639583 0.478472 0.008333 0.009722
1 0.654427 0.464120 0.009896 0.012500
1 0.709115 0.475231 0.007812 0.010648
2 0.610547 0.492593 0.016927 0.016667
5 0.694271 0.524306 0.022396 0.019907
1 0.772526 0.547685 0.012240 0.011111
2 0.805339 0.468056 0.017969 0.019444
0 0.805599 0.543750 0.010156 0.016204
2 0.876823 0.528241 0.017188 0.015741
1 0.977344 0.460185 0.008333 0.011111
