2 0.057682 0.475694 0.013802 0.013426
1 0.069922 0.452546 0.008594 0.007870
1 0.029818 0.540741 0.010156 0.007407
0 0.164062 0.533565 0.014063 0.017130
3 0.184766 0.514120 0.016406 0.014352
1 0.226432 0.537731 0.009115 0.008796
1 0.238411 0.524306 0.007552 0.008796
2 0.278646 0.459954 0.018750 0.016204
2 0.276172 0.487963 0.016927 0.014815
2 0.316667 0.465741 0.018750 0.014815
2 0.342708 0.478009 0.017708 0.018056
1 0.326302 0.531944 0.009375 0.012963
5 0.383594 0.465972 0.046875 0.019907
5 0.402344 0.487963 0.037500 0.021296
2 0.460286 0.471528 0.017969 0.016204
1 0.429688 0.538426 0.009375 0.009259
1 0.538021 0.453241 0.007812 0.009259
1 0.563802 0.468519 0.007292 0.007407
2 0.569792 0.523843 0.014583 0.016204
2 0.604427 0.475463 0.017708 0.015741
2 0.653516 0.525926 0.016927 0.016667
1 0.644531 0.550231 0.008854 0.009722
5 0.745703 0.495139 0.057552 0.019907
1 0.789844 0.463194 0.009375 0.008796
1 0.861589 0.462269 0.008594 0.009722
2 0.868620 0.482639 0.018490 0.018056
1 0.802865 0.561343 0.008854 0.013426
1 0.908984 0.556019 0.010677 0.012037
