5 0.028125 0.481481 0.051562 0.024074
5 0.108854 0.486343 0.053646 0.023611
1 0.178646 0.462269 0.011458 0.013426
1 0.255208 0.462500 0.011458 0.012963
5 0.268750 0.488889 0.042188 0.024074
2 0.360286 0.466204 0.018490 0.015741
1 0.421224 0.464352 0.009635 0.011111
2 0.669661 0.490741 0.019531 0.019444
1 0.769401 0.477778 0.009115 0.011111
1 0.799349 0.456944 0.010156 0.009259
1 0.826562 0.468056 0.009896 0.010185
2 0.875781 0.480787 0.019271 0.018056
0 0.980469 0.471065 0.013021 0.015278
1 0.839453 0.550463 0.011198 0.012963
3 0.682682 0.539120 0.020052 0.018981
2 0.522135 0.520833 0.019792 0.017593
1 0.544010 0.551852 0.010417 0.011111
1 0.513672 0.564815 0.009115 0.009259
1 0.464974 0.538657 0.010156 0.011574
1 0.431380 0.545139 0.010156 0.011574
2 0.392448 0.523611 0.019792 0.019444
1 0.257812 0.546528 0.009896 0.013426
0 0.504557 0.544907 0.014844 0.018519
1 0.282161 0.534722 0.009635 0.012037
