5 0.239063 0.535880 0.028125 0.021759
5 0.331771 0.534259 0.043229 0.020370
5 0.219922 0.568981 0.024740 0.018519
2 0.233464 0.584028 0.013802 0.011574
2 0.374479 0.511343 0.015625 0.015278
2 0.395703 0.561574 0.016406 0.018519
2 0.432161 0.576620 0.016406 0.017130
2 0.536068 0.557176 0.013281 0.018056
2 0.598177 0.554630 0.015625 0.015741
2 0.677734 0.568519 0.015885 0.014815
2 0.729688 0.522917 0.018750 0.018981
2 0.814583 0.518287 0.015625 0.012500
2 0.985026 0.513426 0.016927 0.014815
0 0.926042 0.490741 0.012500 0.014815
0 0.524609 0.512963 0.010677 0.012963
0 0.127344 0.608796 0.012500 0.009259
1 0.397266 0.497685 0.008594 0.009259
1 0.402214 0.588657 0.009635 0.013426
1 0.559766 0.520833 0.009635 0.012037
1 0.578906 0.489120 0.007812 0.006944
1 0.637370 0.498611 0.009115 0.009259
1 0.731901 0.578935 0.008594 0.010648
1 0.774870 0.497454 0.008073 0.009722
1 0.827604 0.486806 0.006771 0.006944
1 0.836458 0.570370 0.010417 0.012037
