2 0.063021 0.573611 0.016667 0.015741
2 0.098177 0.589120 0.017188 0.014352
2 0.190755 0.583102 0.016927 0.012500
2 0.209896 0.566204 0.016146 0.015741
2 0.403516 0.506019 0.017448 0.015741
2 0.482812 0.514815 0.017188 0.013889
2 0.503125 0.529630 0.015104 0.012963
2 0.601953 0.519444 0.015365 0.015741
2 0.715885 0.503472 0.016667 0.013426
2 0.863542 0.566435 0.017188 0.015278
2 0.897005 0.500231 0.014844 0.011574
5 0.966016 0.511111 0.027865 0.024074
1 0.488281 0.588657 0.009896 0.012500
1 0.604036 0.503935 0.009115 0.007870
0 0.617969 0.593287 0.010937 0.012500
1 0.892969 0.482176 0.009896 0.009722
