5 0.061458 0.574769 0.044271 0.022685
5 0.179948 0.570139 0.031250 0.021759
5 0.449219 0.564583 0.034896 0.018981
5 0.718490 0.559491 0.042188 0.019907
5 0.816797 0.573611 0.035156 0.023148
5 0.906771 0.574074 0.033854 0.024074
5 0.924479 0.549769 0.040104 0.021759
1 0.059375 0.509954 0.011979 0.014352
1 0.265885 0.502315 0.010417 0.012037
1 0.611979 0.586111 0.009896 0.010185
1 0.867708 0.499537 0.009896 0.010185
1 0.869922 0.489120 0.009115 0.010648
1 0.926042 0.498148 0.010937 0.009259
2 0.832422 0.552315 0.017969 0.012037
2 0.667448 0.564815 0.016146 0.014815
2 0.642448 0.578009 0.014063 0.018056
2 0.570052 0.575926 0.017188 0.017593
4 0.530208 0.563889 0.040104 0.017593
4 0.489583 0.588889 0.039583 0.019444
2 0.420182 0.528935 0.018490 0.017130
2 0.349219 0.517361 0.020833 0.020833
