2 0.232813 0.513889 0.017188 0.013889
2 0.290495 0.529861 0.017448 0.015278
2 0.280208 0.595370 0.014063 0.014815
0 0.377344 0.594676 0.011979 0.010648
2 0.426563 0.559954 0.017708 0.017130
2 0.468620 0.518981 0.015885 0.013889
2 0.574219 0.563657 0.016146 0.016204
0 0.619401 0.589583 0.010677 0.012500
1 0.549089 0.490972 0.007031 0.008796
1 0.593099 0.496991 0.008594 0.010648
1 0.627734 0.568750 0.008073 0.006944
0 0.707292 0.577546 0.013542 0.013426
2 0.760286 0.523148 0.016406 0.016667
2 0.782552 0.503241 0.016146 0.013889
1 0.930469 0.488889 0.009375 0.012037
